70	1346	1
105	15209	1
114	14522	1
114	14671	1
114	15180	1
127	30894	1
143	28233	1
144	1075	1
189	15362	1
240	2627	1
268	6052	1
268	10700	1
271	6863	1
285	27932	1
286	9298	1
286	16589	1
286	20107	1
287	27954	1
309	14550	1
319	9249	1
333	6838	1
333	7738	1
333	23175	1
357	11445	1
377	8966	1
377	28325	1
385	19879	1
398	31615	1
403	10809	1
416	1692	1
424	31276	1
455	1900	1
455	19206	1
459	9177	1
475	20574	1
479	18813	1
508	1251	1
514	14808	1
524	1028	1
555	17844	1
564	30789	1
568	6477	1
572	12783	1
592	1021	1
592	27510	1
615	27476	1
618	5597	1
663	5129	1
663	29151	1
707	7068	1
791	4733	1
799	30578	1
869	19506	1
873	25315	1
873	27086	1
884	1347	1
884	14933	1
890	9320	3
905	13358	1
918	27529	1
945	12378	1
981	28158	1
991	5907	1
991	21569	1
991	28619	1
991	29064	1
1021	592	1
1021	27510	1
1028	524	1
1042	21681	1
1075	144	1
1094	7525	1
1132	9223	1
1132	12265	1
1143	13896	1
1143	27034	1
1155	15786	1
1155	28781	1
1169	22948	1
1193	5161	1
1204	15247	1
1225	14552	1
1225	19591	1
1225	29886	1
1231	10255	1
1241	11193	1
1241	12560	1
1241	12939	1
1244	15190	1
1251	508	1
1254	10499	1
1264	7923	1
1264	8582	1
1264	20150	1
1267	11774	1
1297	3152	1
1301	3985	1
1320	7005	1
1332	31340	1
1346	70	1
1347	884	1
1347	14933	1
1358	14666	1
1358	26642	1
1358	29238	1
1370	25347	1
1391	4112	1
1450	3106	1
1450	6912	1
1460	27336	1
1467	19234	1
1467	22386	1
1489	22981	1
1493	19704	1
1495	8908	1
1495	24162	1
1518	30635	1
1522	7814	1
1533	3666	1
1545	3188	1
1564	25542	1
1569	21982	1
1569	27495	1
1577	31434	1
1639	30584	1
1661	7883	1
1692	416	1
1692	16136	1
1704	13766	1
1704	28317	1
1714	10943	1
1729	25053	1
1784	16826	1
1815	6227	1
1816	7414	1
1816	21199	1
1816	26732	1
1861	29057	1
1900	455	1
1900	19206	1
1904	9533	1
1904	15185	1
1904	31114	1
1906	17115	1
1906	31243	1
1958	8478	1
1958	13692	1
1958	23271	1
1997	24566	1
2011	23112	1
2012	12343	1
2027	16938	1
2062	5681	1
2089	25298	1
2096	12377	1
2096	12663	1
2110	9071	1
2110	29819	1
2167	10408	1
2167	20139	1
2167	20164	1
2178	6967	1
2178	10151	1
2178	19580	1
2184	3690	1
2184	4254	1
2184	31143	1
2213	11832	1
2237	20841	1
2237	28254	1
2266	27248	1
2272	26196	1
2288	11118	1
2290	29212	1
2290	29220	1
2333	23210	1
2342	10767	1
2342	30923	1
2343	10806	1
2343	25426	1
2371	22969	1
2384	16144	1
2478	15574	1
2482	20826	1
2498	24182	1
2528	9167	1
2528	9168	1
2528	17690	1
2543	16295	1
2575	26317	1
2598	10030	1
2626	12515	1
2626	12611	1
2627	240	1
2634	19484	1
2696	16356	1
2704	26399	1
2704	28931	1
2755	10809	1
2768	17882	1
2771	22015	1
2782	20732	1
2801	16961	1
2808	17764	1
2848	22268	1
2871	5026	1
2871	10702	1
2887	16005	1
2887	16973	1
2892	6122	1
2893	10459	1
2894	3988	1
2934	21513	1
2936	21712	1
2958	11547	1
2959	8916	1
2959	28363	1
2974	8255	1
2974	29722	1
2997	11320	1
3012	27882	1
3014	7667	1
3044	11813	1
3091	29309	1
3094	4876	1
3094	15434	1
3094	22807	1
3096	9902	1
3098	3850	1
3106	1450	1
3106	6912	1
3152	1297	1
3153	26812	1
3188	1545	1
3252	10304	1
3252	10486	1
3257	13230	1
3337	22012	1
3407	10596	1
3408	26395	1
3429	21235	1
3433	8031	1
3433	9617	1
3443	31670	1
3444	16384	1
3498	29258	1
3501	7631	1
3535	13453	1
3548	27922	1
3580	9097	1
3580	20956	1
3580	21191	1
3580	22921	1
3586	14762	1
3593	22692	1
3609	10587	1
3627	6721	1
3627	16801	1
3633	7967	1
3633	25077	1
3664	28606	1
3666	1533	1
3689	9873	1
3690	2184	1
3708	24805	1
3722	10359	1
3732	22071	1
3775	8301	1
3775	14646	1
3782	15547	1
3850	3098	1
3860	25093	1
3860	30645	1
3861	10634	1
3861	24968	1
3895	10154	1
3895	20604	1
3895	20940	1
3963	18241	1
3969	10429	1
3977	9627	1
3985	1301	1
3985	26695	1
3988	2894	1
4014	18162	1
4036	28550	1
4083	7740	1
4101	15211	1
4106	26420	1
4112	1391	1
4118	12378	1
4122	11703	1
4167	10379	1
4167	28143	1
4210	19915	1
4210	21235	1
4229	29610	1
4246	13016	1
4254	2184	1
4254	31143	1
4276	24305	1
4299	10556	1
4324	7699	1
4336	8766	1
4352	23283	1
4373	21172	1
4472	24670	1
4476	20696	1
4477	8186	1
4512	12395	1
4512	17778	1
4528	21646	1
4541	18068	1
4541	23653	1
4541	28610	1
4541	28697	1
4543	27887	1
4555	30759	1
4562	8578	1
4603	23148	1
4619	12788	1
4637	10633	1
4720	8173	1
4722	16857	1
4733	791	1
4743	30256	1
4747	8313	1
4767	26201	1
4834	7803	1
4840	26741	1
4840	28383	1
4853	11638	1
4876	3094	1
4876	15434	1
4876	22807	1
4968	8390	1
4968	28139	1
5014	30892	1
5017	16748	1
5026	2871	1
5026	10702	1
5040	8500	1
5040	11040	1
5129	663	1
5158	13232	1
5161	1193	1
5197	11514	1
5207	5231	1
5207	31331	1
5227	30998	1
5231	5207	1
5231	31331	1
5261	20922	1
5355	18374	1
5355	19038	1
5355	19241	1
5355	25073	1
5507	25111	1
5587	15767	1
5597	618	1
5647	23163	1
5647	26420	1
5647	28259	1
5655	27699	1
5678	11131	1
5681	2062	1
5689	16547	1
5689	23124	1
5692	28246	1
5710	30003	1
5763	8528	1
5787	30830	1
5789	16505	1
5789	28949	1
5802	28039	1
5842	8716	1
5850	20317	1
5907	991	1
5907	21569	1
5907	28619	1
5918	6934	1
5920	19050	1
5920	20315	1
5936	26990	1
5984	21204	1
5996	10807	1
5996	17313	1
5996	17490	1
5998	18288	1
5998	21604	1
6007	17254	1
6007	31383	1
6046	10609	1
6052	268	1
6052	10700	1
6122	2892	1
6130	21105	1
6162	13222	1
6204	25526	1
6227	1815	1
6263	31150	1
6308	18587	1
6313	27286	1
6320	8750	1
6324	7075	1
6337	27869	1
6362	7819	1
6362	16953	1
6362	17528	1
6362	19651	1
6416	30311	1
6451	26481	1
6477	568	1
6561	14941	1
6586	13765	1
6592	28760	1
6611	24438	1
6624	8674	1
6631	16754	1
6646	10962	1
6652	28940	1
6665	10668	1
6682	20712	1
6686	13463	1
6708	18144	1
6708	20852	1
6719	9415	1
6721	3627	1
6721	16801	1
6721	28164	1
6742	31030	1
6774	20696	1
6774	28373	1
6783	16793	1
6783	17101	1
6800	20579	1
6835	23375	2
6838	333	1
6863	271	1
6885	10058	1
6899	7312	1
6899	17243	1
6912	1450	1
6912	3106	1
6934	5918	1
6962	26100	1
6962	28265	1
6967	2178	1
6967	10151	1
6967	19580	1
6969	26690	1
6970	22349	1
7005	1320	1
7010	11060	1
7033	30908	1
7068	707	1
7068	20232	1
7068	20234	1
7075	6324	1
7086	16114	1
7201	17444	1
7201	25517	1
7210	31324	1
7213	27346	1
7224	21432	1
7225	26650	1
7233	14334	1
7233	21136	1
7255	7695	1
7263	16951	1
7263	17529	1
7263	17530	1
7263	26733	1
7263	26963	1
7263	27306	1
7305	21658	1
7312	6899	1
7312	17243	1
7319	22911	1
7399	16101	1
7399	22880	1
7409	30657	1
7414	1816	1
7414	10651	1
7414	21199	1
7414	26732	1
7485	16218	1
7504	20560	1
7525	1094	1
7527	8966	1
7576	22812	1
7596	31294	1
7598	13058	1
7628	25134	1
7631	3501	1
7645	21099	1
7667	3014	1
7695	7255	1
7699	4324	1
7699	23461	1
7727	23643	1
7738	333	1
7738	23175	1
7740	4083	1
7745	30504	1
7768	17707	1
7803	4834	1
7814	1522	1
7819	6362	1
7819	16953	1
7863	29812	1
7863	30707	1
7863	30710	1
7879	17150	1
7880	22801	1
7880	27001	1
7881	8636	1
7881	28161	1
7881	28238	2
7881	28239	1
7883	1661	1
7901	16352	1
7923	1264	1
7923	8582	1
7923	20150	1
7950	26333	1
7967	3633	1
7967	25077	1
8012	18162	2
8012	18195	1
8024	23598	1
8031	3433	1
8031	9617	1
8033	28278	1
8035	19797	1
8073	9342	1
8073	10360	1
8076	8468	1
8128	13373	1
8146	22417	1
8146	22879	1
8146	30199	1
8154	11259	1
8161	11714	1
8161	25760	1
8173	4720	1
8186	4477	1
8214	27472	1
8250	21342	1
8255	2974	1
8255	29722	1
8271	26131	1
8271	26595	1
8273	22624	1
8273	23227	1
8301	3775	1
8301	9905	1
8301	14352	1
8301	14646	1
8313	4747	1
8329	8976	1
8390	4968	1
8390	11240	1
8390	28139	1
8402	10282	1
8422	29179	1
8447	8813	1
8447	15478	1
8452	9332	1
8468	8076	1
8478	1958	1
8478	13692	1
8478	23271	1
8500	5040	1
8500	11040	1
8528	5763	1
8578	4562	1
8580	22220	1
8582	1264	1
8582	7923	1
8582	20150	1
8595	19318	1
8625	23232	1
8625	28816	1
8636	7881	1
8636	28238	1
8652	24160	1
8674	6624	1
8716	5842	1
8750	6320	1
8760	14906	1
8766	4336	1
8766	9019	1
8813	8447	1
8813	15478	1
8813	29070	1
8814	20443	1
8814	22953	1
8817	19531	1
8841	27629	1
8895	28594	1
8895	30766	1
8908	1495	1
8908	24162	1
8916	2959	1
8916	28363	1
8919	15382	1
8929	18222	1
8955	11195	1
8959	10688	1
8959	13395	1
8959	13396	1
8959	20825	1
8966	377	1
8966	7527	1
8966	28325	1
8971	19854	1
8976	8329	1
8994	9720	1
9005	28238	1
9019	8766	1
9061	31321	1
9071	2110	1
9071	14632	1
9071	29819	1
9072	30340	1
9074	14292	1
9097	3580	1
9097	20956	1
9097	21191	1
9097	22921	1
9161	22397	1
9167	2528	1
9167	9168	1
9167	17690	1
9168	2528	1
9168	9167	1
9168	17690	1
9174	28648	1
9177	459	1
9180	20433	1
9198	27502	1
9210	13232	1
9210	26419	1
9223	1132	1
9223	12265	1
9225	14719	1
9227	26512	1
9249	319	1
9266	24275	1
9292	14765	2
9298	286	1
9298	16589	1
9298	20107	2
9298	23229	1
9298	31188	1
9320	890	3
9331	10139	1
9332	8452	1
9339	23004	1
9342	8073	1
9342	10360	1
9357	10446	1
9370	27633	1
9408	31696	1
9415	6719	1
9448	23952	1
9469	27764	1
9523	22974	1
9533	1904	1
9533	10951	1
9533	21564	1
9533	31114	1
9599	28373	1
9617	3433	1
9617	8031	1
9627	3977	1
9627	30710	1
9627	31700	1
9641	27252	1
9671	19719	1
9676	30943	1
9694	12889	1
9714	28803	1
9720	8994	1
9748	13142	1
9748	25289	1
9767	18591	1
9777	14341	1
9780	21136	1
9795	19642	1
9795	30590	1
9817	23080	1
9847	13601	1
9857	10578	1
9864	26734	1
9873	3689	1
9894	19634	1
9894	29292	1
9894	31388	1
9902	3096	1
9904	21501	1
9905	8301	1
9905	14352	1
9931	18871	1
9952	16364	1
9952	25703	1
9963	13344	1
9963	28025	1
9976	19741	1
9995	29100	1
10007	26539	1
10008	17999	1
10008	31230	1
10030	2598	1
10058	6885	1
10079	10770	1
10101	20201	1
10120	11032	1
10139	9331	1
10151	2178	1
10151	6967	1
10151	19580	1
10154	3895	1
10154	20604	1
10154	20940	1
10199	25309	1
10203	14588	1
10203	17029	1
10203	22016	1
10203	30049	1
10203	31168	1
10226	22019	1
10255	1231	1
10264	24450	1
10282	8402	1
10287	18137	1
10304	3252	1
10304	10486	1
10314	25326	1
10314	30356	1
10333	12425	1
10341	11130	1
10358	22069	1
10359	3722	1
10360	8073	1
10360	9342	1
10379	4167	1
10379	28143	1
10386	10416	1
10408	2167	1
10408	20139	1
10408	20164	1
10416	10386	1
10423	19573	1
10423	30175	1
10429	3969	1
10433	28823	1
10446	9357	1
10459	2893	1
10483	13113	1
10486	3252	1
10486	10304	1
10499	1254	1
10500	30744	1
10554	17600	1
10556	4299	1
10578	9857	1
10585	18808	1
10587	3609	1
10596	3407	1
10609	6046	1
10624	25669	1
10624	28276	1
10633	4637	1
10634	3861	1
10634	24968	1
10651	7414	1
10657	19835	1
10668	6665	1
10688	8959	1
10688	13395	1
10688	13396	1
10688	20825	1
10700	268	1
10700	6052	1
10702	2871	1
10702	5026	1
10745	13909	1
10763	25277	1
10767	2342	1
10770	10079	1
10778	20830	1
10782	27687	1
10796	20069	1
10806	2343	1
10806	25426	1
10807	5996	1
10807	17313	1
10807	17490	1
10809	403	1
10809	2755	1
10862	29750	1
10864	15931	1
10943	1714	1
10951	9533	1
10961	16954	1
10962	6646	1
10976	29081	1
11025	19580	1
11025	22993	1
11025	27307	1
11032	10120	1
11040	5040	1
11040	8500	1
11050	16021	1
11060	7010	1
11118	2288	1
11119	31018	1
11130	10341	1
11131	5678	1
11144	18293	1
11144	27386	1
11171	24749	1
11189	24125	1
11191	19782	1
11191	31376	1
11193	1241	1
11193	12560	1
11193	12939	1
11195	8955	1
11240	8390	1
11248	26750	1
11259	8154	1
11259	28793	1
11283	11348	1
11300	28161	1
11300	30645	1
11316	23687	1
11320	2997	1
11323	26203	1
11345	27836	1
11348	11283	1
11409	20016	1
11409	31187	1
11445	357	1
11514	5197	1
11547	2958	1
11637	11793	1
11638	4853	1
11648	20098	1
11703	4122	1
11707	12390	1
11714	8161	1
11714	25760	1
11746	20115	1
11774	1267	1
11793	11637	1
11811	11961	1
11813	3044	1
11832	2213	1
11884	22066	1
11961	11811	1
11972	29409	1
12063	27652	1
12078	22303	1
12151	30702	1
12160	31208	1
12191	27424	1
12243	30348	1
12260	12633	1
12265	1132	1
12265	9223	1
12274	17051	1
12274	17529	1
12274	28174	1
12274	28258	1
12322	18684	1
12343	2012	1
12377	2096	1
12377	12663	1
12378	945	1
12378	4118	1
12390	11707	1
12395	4512	1
12395	17778	1
12400	17778	1
12425	10333	1
12443	13444	1
12515	2626	1
12515	12611	1
12560	1241	1
12560	11193	1
12560	12939	1
12611	2626	1
12611	12515	1
12631	31328	1
12633	12260	1
12663	2096	1
12663	12377	1
12675	25173	1
12693	20980	1
12709	31306	1
12780	23547	1
12783	572	1
12788	4619	1
12788	12867	1
12867	12788	1
12889	9694	1
12892	24893	1
12939	1241	1
12939	11193	1
12939	12560	1
12980	23995	1
12995	13192	1
12998	29702	1
13009	26237	1
13016	4246	1
13058	7598	1
13113	10483	1
13142	9748	1
13142	23491	1
13142	25289	1
13142	25666	1
13142	29310	1
13192	12995	1
13222	6162	1
13230	3257	1
13232	5158	1
13232	9210	1
13232	26419	1
13318	26176	1
13318	28528	1
13344	9963	1
13344	28025	1
13358	905	1
13373	8128	1
13394	13396	1
13395	8959	1
13395	10688	1
13395	13396	1
13395	20825	1
13396	8959	1
13396	10688	1
13396	13394	1
13396	13395	1
13396	20825	1
13444	12443	1
13453	3535	1
13463	6686	1
13542	28518	1
13601	9847	1
13692	1958	1
13692	8478	1
13692	23271	1
13765	6586	1
13766	1704	1
13766	28317	1
13778	24942	1
13798	31231	1
13873	14045	1
13896	1143	1
13896	27034	1
13909	10745	1
13976	17769	1
13976	22272	1
13976	23405	1
13976	30351	1
13984	30432	1
14015	23005	1
14037	17973	1
14045	13873	1
14061	14192	1
14069	21400	1
14069	21514	1
14103	27496	1
14103	30912	1
14180	14228	1
14181	31504	1
14181	31578	1
14192	14061	1
14228	14180	1
14292	9074	1
14292	14441	1
14292	25483	1
14334	7233	1
14341	9777	1
14352	8301	1
14352	9905	1
14354	14838	1
14426	24514	1
14441	14292	1
14441	25483	1
14496	30894	1
14516	28383	1
14518	22733	1
14522	114	1
14522	14671	1
14522	15180	1
14540	15051	1
14550	309	1
14552	1225	1
14552	19591	1
14552	29886	1
14568	14782	1
14588	10203	1
14588	30049	1
14592	23608	1
14594	14643	1
14594	14838	1
14632	9071	1
14643	14594	1
14643	14838	1
14646	3775	1
14646	8301	1
14658	14908	1
14666	1358	1
14671	114	1
14671	14522	1
14671	15180	1
14678	18889	1
14705	14711	1
14711	14705	1
14719	9225	1
14762	3586	1
14765	9292	2
14782	14568	1
14808	514	1
14831	29887	1
14838	14354	1
14838	14594	1
14838	14643	1
14906	8760	1
14908	14658	1
14913	23126	1
14933	884	1
14933	1347	1
14941	6561	1
14985	15045	1
14985	31113	1
15008	26543	1
15033	15306	1
15045	14985	1
15045	31113	1
15051	14540	1
15180	114	1
15180	14522	1
15180	14671	1
15185	1904	1
15188	15264	1
15190	1244	1
15209	105	1
15211	4101	1
15247	1204	1
15256	20496	1
15256	30928	1
15264	15188	1
15285	15598	1
15306	15033	1
15335	15379	1
15362	189	1
15362	31580	1
15379	15335	1
15382	8919	1
15401	15566	1
15409	23034	1
15409	28795	1
15434	3094	1
15434	4876	1
15434	22807	1
15446	25122	1
15473	15588	1
15478	8447	1
15478	8813	1
15509	19335	1
15509	19372	1
15532	22569	1
15547	3782	1
15566	15401	1
15571	18993	1
15571	19346	1
15574	2478	1
15588	15473	1
15588	15764	1
15598	15285	1
15600	23583	1
15600	24566	1
15644	25718	1
15726	20601	1
15732	29281	1
15757	16029	1
15764	15588	1
15767	5587	1
15786	1155	1
15836	19373	1
15836	19628	1
15894	30813	1
15915	25472	1
15915	27308	1
15931	10864	1
16005	2887	1
16005	16973	1
16021	11050	1
16029	15757	1
16038	19425	1
16091	18928	1
16091	26703	1
16101	7399	1
16101	22880	1
16114	7086	1
16116	28906	1
16136	1692	1
16144	2384	1
16144	30712	1
16185	21261	1
16218	7485	1
16285	25911	1
16295	2543	1
16324	19750	1
16339	26541	1
16347	16430	1
16347	31188	1
16352	7901	1
16356	2696	1
16364	9952	1
16364	25703	1
16384	3444	1
16430	16347	1
16430	31188	1
16442	17581	1
16456	16771	1
16464	17160	1
16464	28222	1
16483	22035	1
16505	5789	1
16505	16554	1
16517	30579	1
16519	18097	1
16533	18143	1
16533	19486	1
16543	19580	1
16543	27307	1
16547	5689	1
16547	23124	1
16554	16505	1
16585	27004	1
16589	286	1
16589	9298	1
16589	20107	1
16742	30676	1
16748	5017	1
16754	6631	1
16754	28949	1
16771	16456	1
16771	18180	1
16793	6783	1
16793	17101	1
16801	3627	1
16801	6721	1
16812	24971	1
16822	22347	1
16826	1784	1
16845	27308	1
16857	4722	1
16938	2027	1
16951	7263	1
16951	17529	1
16951	17530	1
16951	26733	1
16951	26963	1
16951	27306	1
16953	6362	1
16953	7819	1
16954	10961	1
16961	2801	1
16973	2887	1
16973	16005	1
17002	17415	1
17029	10203	1
17029	22016	1
17029	31168	1
17044	20075	1
17044	30447	1
17051	12274	1
17051	17529	1
17051	28174	1
17051	28258	1
17069	27180	1
17101	6783	1
17101	16793	1
17115	1906	1
17115	31243	1
17150	7879	1
17160	16464	1
17160	28222	1
17243	6899	1
17243	7312	1
17254	6007	1
17254	31383	1
17260	22834	1
17291	17754	1
17291	17945	1
17313	5996	1
17313	10807	1
17313	17490	1
17330	23672	1
17367	28213	1
17415	17002	1
17444	7201	1
17444	25517	1
17445	23559	1
17445	26328	1
17490	5996	1
17490	10807	1
17490	17313	1
17497	19777	1
17520	31489	1
17528	6362	1
17528	19651	1
17529	7263	1
17529	12274	1
17529	16951	1
17529	17051	1
17529	17530	1
17529	26733	1
17529	26963	1
17529	27306	1
17529	28174	1
17529	28258	1
17530	7263	1
17530	16951	1
17530	17529	1
17530	26733	1
17530	26963	1
17530	27306	1
17581	16442	1
17581	27206	1
17587	31328	1
17600	10554	1
17670	25350	1
17690	2528	1
17690	9167	1
17690	9168	1
17707	7768	1
17754	17291	1
17754	17945	1
17764	2808	1
17769	13976	1
17769	22272	1
17769	23405	1
17769	30351	1
17775	17803	2
17775	22738	1
17778	4512	1
17778	12395	1
17778	12400	1
17791	28999	1
17797	27402	1
17803	17775	2
17803	22738	2
17844	555	1
17882	2768	1
17897	28244	1
17940	19767	1
17945	17291	1
17945	17754	1
17955	23683	1
17957	30826	1
17973	14037	1
17986	23652	1
17996	27960	1
17999	10008	1
17999	31230	1
18049	27404	1
18058	27098	1
18068	4541	1
18068	23653	1
18068	28610	1
18068	28697	1
18079	20810	1
18097	16519	1
18137	10287	1
18143	16533	1
18143	19486	1
18144	6708	1
18144	20852	1
18156	30249	1
18162	4014	1
18162	8012	2
18162	18195	1
18180	16771	1
18195	8012	1
18195	18162	1
18195	31032	1
18215	25097	1
18222	8929	1
18228	28810	1
18238	31025	1
18241	3963	1
18241	22740	1
18260	20852	1
18288	5998	1
18288	21604	1
18293	11144	1
18293	27386	1
18363	21910	2
18374	5355	1
18374	19038	1
18374	19241	1
18374	25073	1
18396	19177	1
18396	25134	1
18396	31648	1
18505	18687	1
18520	24151	1
18533	20523	1
18577	19203	1
18577	22527	1
18577	29216	1
18587	6308	1
18591	9767	1
18651	18723	1
18654	19676	1
18684	12322	1
18687	18505	1
18723	18651	1
18808	10585	1
18813	479	1
18871	9931	1
18889	14678	1
18912	23340	1
18925	31229	1
18928	16091	1
18928	26703	1
18993	15571	1
18993	19346	1
19038	5355	1
19038	18374	1
19038	19241	1
19038	25073	1
19043	19778	1
19050	5920	1
19050	20315	1
19063	22504	1
19072	19699	1
19083	28252	1
19149	30754	1
19152	22636	1
19152	26989	1
19177	18396	1
19203	18577	1
19203	22527	1
19203	29216	2
19206	455	1
19206	1900	1
19234	1467	1
19234	22386	1
19241	5355	1
19241	18374	1
19241	19038	1
19241	25073	1
19318	8595	1
19335	15509	1
19335	19372	1
19346	15571	1
19346	18993	1
19364	27199	1
19372	15509	1
19372	19335	1
19373	15836	1
19373	19628	1
19389	19438	1
19389	19520	1
19389	24147	1
19389	31713	1
19423	19464	1
19425	16038	1
19438	19389	1
19438	19520	1
19438	24147	1
19438	31713	1
19464	19423	1
19484	2634	1
19486	16533	1
19486	18143	1
19495	28298	1
19496	27285	1
19506	869	1
19520	19389	1
19520	19438	1
19520	24147	1
19520	31713	1
19531	8817	1
19533	22938	1
19533	23562	1
19565	28619	1
19573	10423	1
19573	30175	1
19580	2178	1
19580	6967	1
19580	10151	1
19580	11025	1
19580	16543	1
19580	22993	1
19580	27307	2
19591	1225	1
19591	14552	1
19591	29886	1
19628	15836	1
19628	19373	1
19628	23498	1
19634	9894	1
19642	9795	1
19642	30590	1
19645	30341	1
19651	6362	1
19651	17528	1
19664	28497	1
19675	20278	1
19676	18654	1
19676	24390	1
19699	19072	1
19704	1493	1
19719	9671	1
19724	27622	1
19741	9976	1
19750	16324	1
19767	17940	1
19777	17497	1
19778	19043	1
19782	11191	1
19782	31376	1
19797	8035	1
19835	10657	1
19836	23417	1
19854	8971	1
19863	21099	1
19867	26000	1
19879	385	1
19885	23167	1
19910	28320	1
19915	4210	1
19915	21235	1
19979	31639	1
19980	24422	1
20000	21237	1
20007	31606	1
20008	27835	1
20016	11409	1
20016	31187	1
20063	30990	1
20066	24802	1
20069	10796	1
20075	17044	1
20075	30447	1
20098	11648	1
20107	286	1
20107	9298	2
20107	16589	1
20107	23229	1
20107	31188	1
20115	11746	1
20139	2167	1
20139	10408	1
20139	20164	1
20150	1264	1
20150	7923	1
20150	8582	1
20159	29032	1
20164	2167	1
20164	10408	1
20164	20139	1
20201	10101	1
20211	29080	1
20220	29305	1
20225	26953	1
20232	7068	1
20232	20234	1
20234	7068	1
20234	20232	1
20278	19675	1
20283	31653	1
20315	5920	1
20315	19050	1
20317	5850	1
20345	21392	1
20369	31673	1
20383	31416	1
20433	9180	1
20443	8814	1
20443	22953	1
20496	15256	1
20523	18533	1
20532	29122	1
20540	31169	1
20560	7504	1
20571	24242	1
20572	21268	1
20574	475	1
20579	6800	1
20601	15726	1
20604	3895	1
20604	10154	1
20604	20940	1
20635	31519	1
20696	4476	1
20696	6774	1
20696	28373	1
20703	29020	1
20703	29021	1
20712	6682	1
20732	2782	1
20740	23494	1
20780	22000	1
20784	20809	1
20788	23598	1
20807	27986	1
20809	20784	1
20810	18079	1
20810	27930	1
20825	8959	1
20825	10688	1
20825	13395	1
20825	13396	1
20826	2482	1
20830	10778	1
20841	2237	1
20841	28254	1
20849	25179	1
20852	6708	1
20852	18144	1
20852	18260	1
20922	5261	1
20933	21249	1
20940	3895	1
20940	10154	1
20940	20604	1
20946	25576	1
20956	3580	1
20956	9097	1
20956	21191	1
20956	22921	1
20980	12693	1
20992	31334	1
21018	26062	1
21037	21450	1
21072	26881	1
21099	7645	1
21099	19863	1
21105	6130	1
21111	23070	1
21122	22946	1
21136	7233	1
21136	9780	1
21141	21145	1
21145	21141	1
21172	4373	1
21191	3580	1
21191	9097	1
21191	20956	1
21191	22921	1
21196	24157	1
21199	1816	1
21199	7414	1
21199	26732	1
21200	24528	1
21200	28457	1
21203	24087	1
21204	5984	1
21235	3429	1
21235	4210	1
21235	19915	1
21237	20000	1
21238	21258	1
21238	21323	1
21238	25065	1
21249	20933	1
21258	21238	1
21258	21323	1
21258	30975	1
21261	16185	1
21268	20572	1
21307	21308	1
21307	21408	1
21307	31483	1
21308	21307	1
21308	21408	1
21308	31483	1
21323	21238	1
21323	21258	1
21342	8250	1
21343	30272	1
21351	30844	1
21375	21869	1
21392	20345	1
21400	14069	1
21400	21514	1
21407	30976	1
21408	21307	1
21408	21308	1
21408	31483	1
21432	7224	1
21436	30669	1
21448	25342	1
21450	21037	1
21466	22743	1
21501	9904	1
21504	23252	1
21504	30910	1
21513	2934	1
21514	14069	1
21514	21400	1
21514	21515	1
21515	21514	1
21564	9533	1
21569	991	1
21569	5907	1
21569	28619	1
21604	5998	1
21604	18288	1
21604	31447	1
21623	27920	1
21646	4528	1
21658	7305	1
21681	1042	1
21712	2936	1
21752	22802	1
21752	23195	1
21752	27001	1
21752	27189	1
21752	27253	1
21770	29190	1
21811	31395	1
21832	23218	1
21850	24515	1
21869	21375	1
21910	18363	2
21982	1569	1
21982	27495	1
22000	20780	1
22012	3337	1
22015	2771	1
22016	10203	1
22016	17029	1
22016	31168	1
22019	10226	1
22035	16483	1
22066	11884	1
22069	10358	1
22071	3732	1
22072	30893	1
22075	30095	1
22089	31684	1
22096	23363	1
22096	26918	1
22187	29427	1
22200	26684	1
22213	28981	2
22220	8580	1
22268	2848	1
22272	13976	1
22272	17769	1
22272	23405	1
22272	30351	1
22287	31482	1
22293	27110	1
22303	12078	1
22347	16822	1
22349	6970	1
22354	22420	1
22386	1467	1
22386	19234	1
22397	9161	1
22417	8146	1
22417	22879	1
22417	30199	1
22420	22354	1
22485	23401	1
22504	19063	1
22516	30552	1
22527	18577	1
22527	19203	1
22527	29216	1
22530	24415	2
22530	30706	1
22530	31700	2
22542	28683	1
22544	31234	1
22569	15532	1
22571	31234	1
22624	8273	1
22624	23227	1
22636	19152	1
22673	23100	1
22692	3593	1
22733	14518	1
22738	17775	1
22738	17803	2
22739	24419	1
22740	18241	1
22743	21466	1
22801	7880	1
22801	23195	1
22801	27001	1
22801	27253	1
22802	21752	1
22802	23195	1
22802	27001	1
22802	27189	1
22802	27253	1
22807	3094	1
22807	4876	1
22807	15434	1
22808	23227	1
22812	7576	1
22834	17260	1
22845	28265	1
22879	8146	1
22879	22417	1
22879	30199	1
22880	7399	1
22880	16101	1
22881	31313	1
22911	7319	1
22921	3580	1
22921	9097	1
22921	20956	1
22921	21191	1
22938	19533	1
22938	23562	1
22946	21122	1
22948	1169	1
22953	8814	1
22953	20443	1
22969	2371	1
22974	9523	1
22981	1489	1
22993	11025	1
22993	19580	1
22993	27307	1
23004	9339	1
23005	14015	1
23034	15409	1
23034	28795	1
23052	24097	1
23065	23527	1
23065	26904	1
23070	21111	1
23080	9817	1
23100	22673	1
23102	24883	1
23112	2011	1
23113	23276	1
23124	5689	1
23124	16547	1
23126	14913	1
23138	30942	1
23148	4603	1
23160	28537	1
23163	5647	1
23163	26420	1
23163	28259	1
23167	19885	1
23175	333	1
23175	7738	1
23195	21752	1
23195	22801	1
23195	22802	1
23195	27001	1
23195	27189	1
23195	27253	2
23201	29343	1
23210	2333	1
23218	21832	1
23227	8273	1
23227	22624	1
23227	22808	1
23229	9298	1
23229	20107	1
23229	31188	1
23232	8625	1
23252	21504	1
23252	30910	1
23271	1958	1
23271	8478	1
23271	13692	1
23276	23113	1
23283	4352	1
23286	28309	1
23320	30952	1
23340	18912	1
23349	27336	1
23363	22096	1
23363	26918	1
23375	6835	2
23401	22485	1
23405	13976	1
23405	17769	1
23405	22272	1
23405	30351	1
23417	19836	1
23433	31026	1
23433	31028	1
23442	29109	1
23461	7699	1
23473	26830	1
23491	13142	1
23494	20740	1
23495	28898	1
23498	19628	1
23527	23065	1
23527	26904	1
23547	12780	1
23559	17445	1
23559	26328	1
23562	19533	1
23562	22938	1
23583	15600	1
23583	24566	1
23587	27472	1
23598	8024	1
23598	20788	1
23608	14592	1
23619	29929	1
23625	27695	1
23639	28988	1
23643	7727	1
23652	17986	1
23653	4541	1
23653	18068	1
23653	28610	1
23653	28697	1
23657	27340	1
23672	17330	1
23683	17955	1
23687	11316	1
23729	26995	1
23952	9448	1
23995	12980	1
24041	25133	1
24041	28798	1
24086	24213	1
24086	30247	1
24087	21203	1
24097	23052	1
24097	28987	1
24123	30482	1
24125	11189	1
24147	19389	1
24147	19438	1
24147	19520	1
24147	31713	1
24151	18520	1
24157	21196	1
24160	8652	1
24162	1495	1
24162	8908	1
24170	30440	1
24177	28686	1
24182	2498	1
24213	24086	1
24213	30247	1
24242	20571	1
24275	9266	1
24305	4276	1
24343	27414	1
24390	19676	1
24415	22530	2
24415	30706	1
24415	31700	2
24419	22739	1
24422	19980	1
24438	6611	1
24450	10264	1
24483	27144	1
24514	14426	1
24515	21850	1
24528	21200	1
24528	28457	1
24566	1997	1
24566	15600	1
24566	23583	1
24604	27053	1
24670	4472	1
24749	11171	1
24802	20066	1
24805	3708	1
24872	27753	1
24883	23102	1
24893	12892	1
24942	13778	1
24968	3861	1
24968	10634	1
24971	16812	1
24971	28041	1
24971	28450	1
24996	30117	1
25000	25703	1
25053	1729	1
25065	21238	1
25073	5355	1
25073	18374	1
25073	19038	1
25073	19241	1
25077	3633	1
25077	7967	1
25093	3860	1
25093	30645	1
25097	18215	1
25111	5507	1
25122	15446	1
25133	24041	1
25133	28798	1
25134	7628	1
25134	18396	1
25134	31648	1
25173	12675	1
25179	20849	1
25277	10763	1
25289	9748	1
25289	13142	1
25298	2089	1
25309	10199	1
25315	873	1
25315	27086	1
25326	10314	1
25326	30356	1
25342	21448	1
25347	1370	1
25350	17670	1
25426	2343	1
25426	10806	1
25440	26576	1
25472	15915	1
25472	27308	1
25483	14292	1
25483	14441	1
25517	7201	1
25517	17444	1
25526	6204	1
25542	1564	1
25576	20946	1
25666	13142	1
25666	29310	1
25669	10624	1
25669	28276	1
25703	9952	1
25703	16364	1
25703	25000	1
25703	28448	1
25718	15644	1
25760	8161	1
25760	11714	1
25896	26621	1
25911	16285	1
26000	19867	1
26062	21018	1
26100	6962	1
26100	28265	1
26131	8271	1
26176	13318	1
26176	28528	1
26189	28158	1
26196	2272	1
26201	4767	1
26203	11323	1
26237	13009	1
26317	2575	1
26323	28583	1
26328	17445	1
26328	23559	1
26333	7950	1
26395	3408	1
26399	2704	1
26399	28931	1
26419	9210	1
26419	13232	1
26420	4106	1
26420	5647	1
26420	23163	1
26420	28259	1
26427	26923	1
26433	30701	1
26448	27412	1
26471	26981	1
26481	6451	1
26512	9227	1
26539	10007	1
26541	16339	1
26543	15008	1
26576	25440	1
26595	8271	1
26595	27047	1
26621	25896	1
26642	1358	1
26642	29238	1
26650	7225	1
26652	29293	1
26684	22200	1
26690	6969	1
26695	3985	1
26703	16091	1
26703	18928	1
26732	1816	1
26732	7414	1
26732	21199	1
26733	7263	1
26733	16951	1
26733	17529	1
26733	17530	1
26733	26963	1
26733	27306	1
26734	9864	1
26741	4840	1
26741	28383	1
26750	11248	1
26763	27697	1
26812	3153	1
26830	23473	1
26837	29106	1
26881	21072	1
26904	23065	1
26904	23527	1
26918	22096	1
26918	23363	1
26923	26427	1
26929	27122	1
26929	28320	1
26953	20225	1
26963	7263	1
26963	16951	1
26963	17529	1
26963	17530	1
26963	26733	1
26963	27306	1
26981	26471	1
26989	19152	1
26990	5936	1
26995	23729	1
27001	7880	1
27001	21752	1
27001	22801	1
27001	22802	1
27001	23195	1
27001	27189	1
27001	27253	1
27001	30521	1
27004	16585	1
27034	1143	1
27034	13896	1
27047	26595	1
27053	24604	1
27080	27122	1
27080	29320	1
27086	873	1
27086	25315	1
27098	18058	1
27110	22293	1
27122	26929	1
27122	27080	1
27122	28320	1
27144	24483	1
27180	17069	1
27183	29056	1
27189	21752	1
27189	22802	1
27189	23195	1
27189	27001	1
27189	27253	1
27199	19364	1
27206	17581	1
27245	30443	1
27248	2266	1
27252	9641	1
27253	21752	1
27253	22801	1
27253	22802	1
27253	23195	2
27253	27001	1
27253	27189	1
27285	19496	1
27286	6313	1
27306	7263	1
27306	16951	1
27306	17529	1
27306	17530	1
27306	26733	1
27306	26963	1
27307	11025	1
27307	16543	1
27307	19580	2
27307	22993	1
27308	15915	1
27308	16845	1
27308	25472	1
27336	1460	1
27336	23349	1
27340	23657	1
27346	7213	1
27386	11144	1
27386	18293	1
27402	17797	1
27404	18049	1
27412	26448	1
27414	24343	1
27424	12191	1
27472	8214	1
27472	23587	1
27476	615	1
27495	1569	1
27495	21982	1
27496	14103	1
27502	9198	1
27510	592	1
27510	1021	1
27529	918	1
27574	28083	1
27602	29410	1
27616	28990	1
27622	19724	1
27629	8841	1
27633	9370	1
27640	29807	1
27640	30668	1
27652	12063	1
27687	10782	1
27695	23625	1
27697	26763	1
27699	5655	1
27753	24872	1
27764	9469	1
27800	30567	1
27835	20008	1
27836	11345	1
27869	6337	1
27882	3012	1
27883	30431	1
27886	30920	1
27887	4543	1
27917	31569	1
27920	21623	1
27922	3548	1
27930	20810	1
27932	285	1
27954	287	1
27960	17996	1
27986	20807	1
28025	9963	1
28025	13344	1
28039	5802	1
28041	24971	1
28041	28450	1
28050	28233	1
28083	27574	1
28139	4968	1
28139	8390	1
28143	4167	1
28143	10379	1
28158	981	1
28158	26189	1
28161	7881	1
28161	11300	1
28161	28239	1
28161	30645	1
28164	6721	1
28174	12274	1
28174	17051	1
28174	17529	1
28174	28258	1
28213	17367	1
28222	16464	1
28222	17160	1
28233	143	1
28233	28050	1
28238	7881	2
28238	8636	1
28238	9005	1
28239	7881	1
28239	28161	1
28244	17897	1
28246	5692	1
28252	19083	1
28254	2237	1
28254	20841	1
28258	12274	1
28258	17051	1
28258	17529	1
28258	28174	1
28259	5647	1
28259	23163	1
28259	26420	1
28265	6962	1
28265	22845	1
28265	26100	1
28276	10624	1
28276	25669	1
28278	8033	1
28298	19495	1
28309	23286	1
28317	1704	1
28317	13766	1
28320	19910	1
28320	26929	1
28320	27122	1
28325	377	1
28325	8966	1
28363	2959	1
28363	8916	1
28373	6774	1
28373	9599	1
28373	20696	1
28383	4840	1
28383	14516	1
28383	26741	1
28439	30700	1
28447	29249	1
28448	25703	1
28450	24971	1
28450	28041	1
28457	21200	1
28457	24528	1
28485	30823	1
28497	19664	1
28518	13542	1
28528	13318	1
28528	26176	1
28537	23160	1
28550	4036	1
28583	26323	1
28592	30765	1
28594	8895	1
28606	3664	1
28610	4541	1
28610	18068	1
28610	23653	1
28610	28697	1
28619	991	1
28619	5907	1
28619	19565	1
28619	21569	1
28647	28648	1
28648	9174	1
28648	28647	1
28658	29258	1
28683	22542	1
28686	24177	1
28697	4541	1
28697	18068	1
28697	23653	1
28697	28610	1
28760	6592	1
28781	1155	1
28788	31316	1
28793	11259	1
28795	15409	1
28795	23034	1
28798	24041	1
28798	25133	1
28803	9714	1
28810	18228	1
28816	8625	1
28823	10433	1
28897	30640	1
28898	23495	1
28906	16116	1
28910	30658	1
28931	2704	1
28931	26399	1
28940	6652	1
28949	5789	1
28949	16754	1
28981	22213	2
28987	24097	1
28988	23639	1
28990	27616	1
28999	17791	1
29020	20703	1
29020	29021	1
29021	20703	1
29021	29020	1
29032	20159	1
29056	27183	1
29057	1861	1
29064	991	1
29070	8813	1
29080	20211	1
29081	10976	1
29100	9995	1
29106	26837	1
29109	23442	1
29122	20532	1
29134	29212	1
29134	29220	1
29143	30568	1
29151	663	1
29179	8422	1
29190	21770	1
29212	2290	1
29212	29134	1
29212	29220	2
29216	18577	1
29216	19203	2
29216	22527	1
29220	2290	1
29220	29134	1
29220	29212	2
29238	1358	1
29238	26642	1
29249	28447	1
29254	30481	1
29258	3498	1
29258	28658	1
29281	15732	1
29292	9894	1
29292	31388	1
29293	26652	1
29305	20220	1
29309	3091	1
29310	13142	1
29310	25666	1
29320	27080	1
29343	23201	1
29409	11972	1
29410	27602	1
29427	22187	1
29610	4229	1
29702	12998	1
29722	2974	1
29722	8255	1
29750	10862	1
29807	27640	1
29807	30668	1
29812	7863	1
29812	30707	1
29812	30710	1
29819	2110	1
29819	9071	1
29886	1225	1
29886	14552	1
29886	19591	1
29887	14831	1
29929	23619	1
30003	5710	1
30046	30744	1
30049	10203	1
30049	14588	1
30095	22075	1
30117	24996	1
30175	10423	1
30175	19573	1
30199	8146	1
30199	22417	1
30199	22879	1
30247	24086	1
30247	24213	1
30249	18156	1
30256	4743	1
30272	21343	1
30311	6416	1
30328	30329	1
30329	30328	1
30340	9072	1
30341	19645	1
30348	12243	1
30351	13976	1
30351	17769	1
30351	22272	1
30351	23405	1
30356	10314	1
30356	25326	1
30396	30397	1
30396	31271	1
30397	30396	1
30431	27883	1
30432	13984	1
30440	24170	1
30443	27245	1
30447	17044	1
30447	20075	1
30481	29254	1
30482	24123	1
30504	7745	1
30521	27001	1
30552	22516	1
30567	27800	1
30568	29143	1
30578	799	1
30579	16517	1
30584	1639	1
30590	9795	1
30590	19642	1
30635	1518	1
30640	28897	1
30645	3860	1
30645	11300	1
30645	25093	1
30645	28161	1
30657	7409	1
30658	28910	1
30668	27640	1
30668	29807	1
30669	21436	1
30676	16742	1
30682	31022	1
30700	28439	1
30701	26433	1
30702	12151	1
30706	22530	1
30706	24415	1
30706	31700	1
30707	7863	1
30707	29812	1
30707	30710	1
30710	7863	1
30710	9627	1
30710	29812	1
30710	30707	1
30710	31700	1
30712	16144	1
30744	10500	1
30744	30046	1
30754	19149	1
30759	4555	1
30765	28592	1
30766	8895	1
30780	30838	1
30789	564	1
30813	15894	1
30823	28485	1
30826	17957	1
30830	5787	1
30838	30780	1
30844	21351	1
30892	5014	1
30893	22072	1
30894	127	1
30894	14496	1
30901	30961	2
30908	7033	1
30910	21504	1
30910	23252	1
30912	14103	1
30920	27886	1
30923	2342	1
30928	15256	1
30942	23138	1
30943	9676	1
30952	23320	1
30961	30901	2
30975	21258	1
30976	21407	1
30990	20063	1
30998	5227	1
31004	31217	1
31018	11119	1
31022	30682	1
31025	18238	1
31026	23433	1
31026	31028	1
31028	23433	1
31028	31026	1
31030	6742	1
31032	18195	1
31037	31767	1
31040	31704	2
31113	14985	1
31113	15045	1
31114	1904	1
31114	9533	1
31143	2184	1
31143	4254	1
31150	6263	1
31168	10203	1
31168	17029	1
31168	22016	1
31169	20540	1
31186	31187	1
31187	11409	1
31187	20016	1
31187	31186	1
31188	9298	1
31188	16347	1
31188	16430	1
31188	20107	1
31188	23229	1
31208	12160	1
31217	31004	1
31229	18925	1
31230	10008	1
31230	17999	1
31231	13798	1
31234	22544	1
31234	22571	1
31243	1906	1
31243	17115	1
31271	30396	1
31276	424	1
31294	7596	1
31306	12709	1
31313	22881	1
31316	28788	1
31321	9061	1
31324	7210	1
31328	12631	1
31328	17587	1
31331	5207	1
31331	5231	1
31334	20992	1
31340	1332	1
31376	11191	1
31376	19782	1
31383	6007	1
31383	17254	1
31388	9894	1
31388	29292	1
31395	21811	1
31416	20383	1
31434	1577	1
31447	21604	1
31459	31520	1
31482	22287	1
31483	21307	1
31483	21308	1
31483	21408	1
31489	17520	1
31504	14181	1
31519	20635	1
31520	31459	1
31569	27917	1
31578	14181	1
31580	15362	1
31606	20007	1
31615	398	1
31639	19979	1
31648	18396	1
31648	25134	1
31653	20283	1
31670	3443	1
31673	20369	1
31684	22089	1
31696	9408	1
31700	9627	1
31700	22530	2
31700	24415	2
31700	30706	1
31700	30710	1
31704	31040	2
31713	19389	1
31713	19438	1
31713	19520	1
31713	24147	1
31767	31037	1
